Mark  Craig                           Tim                     Pa Katee
      57                              98                      44 76 
      77                              23                      99 69 
      45                              88                      51 23 
       9                               3                      73 19 
      41                               6                      92 92 
      78                              16                      45 83 
       8                              20                      74  6 
      27                              99                      18 45 
      54                              86                      65 11 
      39                              66                       7 49 
